Ring 3 - 1m
    1   90   40   60    2    3    0    0    0    0    1    0    0    0   36   20
    2    3    4    5
   13    3   43   16    6   14   21   14
   12    4   67   21   24   17
   14    5   46   14   87   11    9   19   39    6
   30  325  341  343    0   22   19    0    0    0    0  200    0 1600
   30  345  321  323    0   22   19    0    0    0    0  200    0 1600
   30  415  431  433    0   22   19    0    0    0    0 1260    0 1600
   30  425  441  443    0   22   19    0    0    0    0  200    0 1600
   30  435  411  413    0   22   19    0    0    0    0  340    0 1600
   30  445  421    0    0   22   19    0    0    0    0  200    0 1600
   30  515  531  533    0   22   19    0    0    0    0 1300    0 1602
   30  525  541  543    0   22   19    0    0    0    0  200    0 1602
   30  535  511  513    0   22   19    0    0    0    0 1360    0 1600
   30  545  521    0    0   22   19    0    0    0    0  200    0 1602
   31  311    3    1    6    2    0    0    0    0    0  340    0 4000
   31  313    3    1    6    2    0    0    0    0    0  340    0 1600
   31  315    3    2    6    3    0    0    0    0    0  340    0 1600
   31  321    3    3    6    1    0    0    0    0    0  200    0 2000
   31  323    3    3    6    1    0    0    0    0    0  200    0 1600
   31  325    3    3    6    1    5    0    0    0    0  200    0 2000
   31  331    3    1    6    2    0    0    0    0    0  200    0 4000
   31  333    3    1    6    2    0    0    0    0    0  200    0 1600
   31  335    3    2    6    3    0    0    0    0    0  200    0 1600
   31  341    3    3    6    1    0    0    0    0    0  200    0 2000
   31  343    3    2    9    1    0    0    0    0    0  200    0 1600
   31  345    3    3    6    1    0    0    0    0    0  200    0 1601
   31  411    4    1    9    2    0    0    0    0    0 1260    0 4000
   31  413    4    1    9    2    0    0    0    0    0 1260    0 1600
   31  415    4    1    9    2    0    0    0    0    0 1260    0 1601
   31  421    4    2    6    1    0    0    0    0    0  200    0 1600
   31  425    4    2    6    1    0    0    0    0    0  200    0 2000
   31  431    4    1    9    2    0    0    0    0    0  340    0 4000
   31  433    4    1    9    2    0    0    0    0    0  340    0 1600
   31  435    4    1    9    2    0    0    0    0    0  340    0 1601
   31  441    4    2    6    1    0    0    0    0    0  200    0 2000
   31  443    4    2    6    1    0    0    0    0    0  200    0 1600
   31  445    4    2    6    1    0    0    0    0    0  200    0 1601
   31  511    5    1    6    3    0    0    0    0    0 1300    0 4000
   31  513    5    1    6    3    0    0    0    0    0 1300    0 1600
   31  515    5    1    6    3    0    0    0    0    0 1300    0 1602
   31  521    5    3    7    4    0    0    0    0    0  200    0 2000
   31  525    5    3    7    1    0    0    0    0    0  200    0 1602
   31  531    5    1    6    2    0    0    0    0    0 1260    0 4400
   31  533    5    1    6    2    0    0    0    0    0 1260    0 1600
   31  535    5    1    6    2    0    0    0    0    0 1260    0 1601
   31  541    5    3    7    4    0    0    0    0    0  200    0 2000
   31  543    5    3    7    4    0    0    0    0    0  200    0 1600
   31  545    5    3    7    1    0    0    0    0    0  200    0 1602
   32  311  370    0  411  150   70  421  100   61  445   50   61
   32  313  710    0  411  300   70  421  250   61  445   50   61
   32  315  120    0  411   50   70  421   50   61
   32  321  260    0    0    0   50
   32  323   10    0    0    0   50
   32  325  340    0    0    0   50
   32  331 1560    0    0    0   70
   32  333  220    0    0    0   50
   32  335  100    0    0    0   50
   32  341   50    0    0    0   50
   32  343  200    0    0    0   50
   32  345   60    0    0    0   50
   32  411  430    0  511  400   70  521   50   61  545  100   61
   32  413  160    0  511  100   70  545   50   61
   32  415  100    0  511  100   70  545   10   61
   32  421  350    0    0    0   50
   32  425  150    0    0    0   50
   32  431 1390    0  325  250   61  331 1200   70  343  100   61
   32  433  110    0  325   50   61  331   50   70  343   10   61
   32  435  240    0  325   50   61  331  150   70  343   50   61
   32  441  730    0    0    0   50
   32  443  410    0    0    0   50
   32  445   90    0    0    0   50
   32  511  680    0    0    0   70
   32  513  270    0    0    0   70
   32  515  240    0    0    0   70
   32  521  520    0    0    0   50
   32  525  220    0    0    0   50
   32  531 1630    0  425   50   61  431 1250   70  443  250   61
   32  533  450    0  425   50   61  431  200   70  443  200   61
   32  535  100    0  431  100   50
   32  541  430    0    0    0   50
   32  543  230    0    0    0   50
   32  545  200    0    0    0   50
   37  145 -375  405  115  635

