Rosk - m
    1   80   40   60    2    3    0    0    0    0    1    1    0    0   36   20
    2   31   32   33   34   35    6   37   38   39   40   41   42   43   44   46
    2   47   48
   13   31   16   20   59   12   71   25
   12   32   63   20   39   20
   13   33   31   20   69   10    5   26
   12   34   53   20   29   21
   12   35    1   20   58   23
   14    6   42   23   65   10    0   21   28   10
   12   37   78   20   55   22
   13   38   12   20   55   12   69   23
   12   39   57   20   32   23
   13   40   75   20   46   10   58   17
   13   41    8   20   38   15   58   20
   12   42   16   20   72   14
   13   43   70   20   24   12   44   21
   13   44   78   20   52   10   64   13
   13   45   61   20   25   10   37   18
   12   46   78   20   54   22
   12   47    7   20   63   22
   12   48   71   20   17   20
   28   45   61
   30  615  631    0    0   22   19    0    0    0    0  770    0 1602
   30  625  641  643    0   22   19    0    0    0    0  560    0 1602
   30  635  611  613    0   22   19    0    0    0    0 1300    0 1600
   30 3115 3131    0    0   22   19    0    0    0    0  200    0 1600
   30 3125 3141    0    0   22   19    0    0    0    0  200    0 1600
   30 3135 3111    0    0   22   19    0    0    0    0  200    0 1600
   30 3145 3121 3123    0   22   19    0    0    0    0  980    0 1600
   30 3215 3231 3233    0   22   19    0    0    0    0  200    0 1600
   30 3225 3241 3243    0   22   19    0    0    0    0  980    0 1600
   30 3235 3211    0    0   22   19    0    0    0    0  200    0 1600
   30 3245 3221 3223    0   22   19    0    0    0    0  680    0 1600
   30 3315 3331 3333    0   22   19    0    0    0    0  200    0 1600
   30 3325 3341 3343    0   22   19    0    0    0    0  680    0 1600
   30 3335 3311 3313    0   22   19    0    0    0    0  200    0 1600
   30 3345 3321 3323    0   22   19    0    0    0    0  730    0 1600
   30 3425 3441    0    0   22   19    0    0    0    0  730    0 1600
   30 3445 3421    0    0   22   19    0    0    0    0  430    0 1600
   30 3515 3531 3533    0   22   19    0    0    0    0  200    0 1600
   30 3525 3541 3543    0   22   19    0    0    0    0  430    0 1600
   30 3535 3511 3513    0   22   19    0    0    0    0  200    0 1600
   30 3545 3521    0    0   22   19    0    0    0    0  560    0 1600
   30 3715 3731    0    0   22   19    0    0    0    0  200    0 1600
   30 3725 3741    0    0   22   19    0    0    0    0  460    0 1600
   30 3735 3711    0    0   22   19    0    0    0    0  200    0 1600
   30 3745 3721 3723    0   22   19    0    0    0    0  320    0 1600
   30 3815 3831 3833    0   22   19    0    0    0    0  200    0 1600
   30 3825 3841    0    0   22   19    0    0    0    0  320    0 1600
   30 3835 3811    0    0   22   19    0    0    0    0  200    0 1600
   30 3845 3821 3823    0   22   19    0    0    0    0  630    0 1600
   30 3915 3931    0    0   22   19    0    0    0    0  200    0 1600
   30 3925 3941    0    0   22   19    0    0    0    0  630    0 1600
   30 3935 3911    0    0   22   19    0    0    0    0  200    0 1600
   30 3945 3921    0    0   22   19    0    0    0    0  370    0 1600
   30 4015 4031    0    0   22   19    0    0    0    0  200    0 1600
   30 4025 4041 4043    0   22   19    0    0    0    0  370    0 1600
   30 4035 4011 4013    0   22   19    0    0    0    0  200    0 1600
   30 4045 4021 4023    0   22   19    0    0    0    0  270    0 1600
   30 4315 4331 4333    0   22   19    0    0    0    0  200    0 1600
   30 4335 4311 4313    0   22   19    0    0    0    0  200    0 1600
   30 4425 4441 4443    0   22   19    0    0    0    0  560    0 1600
   30 4515 4531 4533    0   22   19    0    0    0    0  200    0 1600
   30 4535 4511 4513    0   22   19    0    0    0    0  200    0 1600
   30 4625 4641 4643    0   22   19    0    0    0    0  440    0 1600
   30 4735 4711 4713    0   22   19    0    0    0    0  200    0 1600
   30 4825 4841    0    0   22   19    0    0    0    0  280    0 1600
   31  611    6    3    6    4    0    0    0    0    0  770    0 4000
   31  613    6    3    6    4    0    0    0    0    0  770    0 1600
   31  615    6    3    6    1    0    0    0    0    0  770    0 1602
   31  621    6    1    6    3    0    0    0    0    0  200    0 4000
   31  623    6    1    6    3    0    0    0    0    0  200    0 1600
   31  625    6    1    6    3    2    0    0    0    0  200    0 2000
   31  631    6    3    6    4    0    0    0    0    0 1300    0 4500
   31  635    6    3    6    1    0    0    0    0    0 1300    0 1601
   31  641    6    1    6    2    0    0    0    0    0  200    0 6600
   31  643    6    1    6    2    0    0    0    0    0  200    0 1600
   31 3111   31    3    7    1    0    0    0    0    0  200    0 2000
   31 3115   31    3    7    1    0    0    0    0    0  200    0 1600
   31 3121   31    1   11    3    0    0    0    0    0  200    0 4000
   31 3123   31    1   11    3    0    0    0    0    0  200    0 1600
   31 3125   31    1   11    3    0    0    0    0    0  200    0 1600
   31 3131   31    3    7    1    0    0    0    0    0  330    0 2000
   31 3135   31    3    7    1    0    0    0    0    0  330    0 1600
   31 3141   31    1   11    2    0    0    0    0    0  980    0 4000
   31 3145   31    1   11    2    0    0    0    0    0  980    0 1600
   31 3211   32    2    7    1    0    0    0    0    0  200    0 2000
   31 3215   32    2    7    1    0    0    0    0    0  200    0 1600
   31 3221   32    1   10    2    0    0    0    0    0  980    0 4000
   31 3223   32    1   10    2    0    0    0    0    0  980    0 1600
   31 3225   32    1   10    2    0    0    0    0    0  980    0 1600
   31 3231   32    2    7    1    0    0    0    0    0  330    0 2000
   31 3233   32    2    7    1    0    0    0    0    0  330    0 1600
   31 3235   32    2    7    1    0    0    0    0    0  330    0 1600
   31 3241   32    1   10    2    0    0    0    0    0  680    0 4000
   31 3243   32    1   10    2    0    0    0    0    0  680    0 1600
   31 3245   32    1   10    2    0    0    0    0    0  680    0 1600
   31 3311   33    3    6    1    0    0    0    0    0  200    0 2000
   31 3313   33    3    6    1    0    0    0    0    0  200    0 1600
   31 3315   33    3    6    1    0    0    0    0    0  200    0 1600
   31 3321   33    1    8    2    4    0    0    0    0  680    0 4200
   31 3323   33    1    8    2    4    0    0    0    0  680    0 1600
   31 3325   33    1    8    3    0    0    0    0    0  680    0 1600
   31 3331   33    3    6    1    0    0    0    0    0  330    0 2000
   31 3333   33    2   11    1    0    0    0    0    0  330    0 1600
   31 3335   33    3    6    1    0    0    0    0    0  330    0 1600
   31 3341   33    1    8    2    0    0    0    0    0  730    0 4000
   31 3343   33    1    8    2    0    0    0    0    0  730    0 1600
   31 3345   33    1    8    3    0    0    0    0    0  730    0 1600
   31 3411   34    2    8    1    0    0    0    0    0  200    0 2000
   31 3413   34    2    8    1    0    0    0    0    0  200    0 1600
   31 3421   34    1    8    2    0    0    0    0    0  730    0 4000
   31 3425   34    1    8    2    0    0    0    0    0  730    0 1600
   31 3431   34    2    8    1    0    0    0    0    0  330    0 2000
   31 3441   34    1    8    2    0    0    0    0    0  430    0 4000
   31 3445   34    1    8    2    0    0    0    0    0  430    0 1600
   31 3511   35    2    9    1    0    0    0    0    0  200    0 2000
   31 3513   35    2    9    1    0    0    0    0    0  200    0 1600
   31 3515   35    2    9    1    0    0    0    0    0  200    0 1600
   31 3521   35    1    9    2    0    0    0    0    0  430    0 4000
   31 3525   35    1    9    2    0    0    0    0    0  430    0 1600
   31 3531   35    2    9    1    0    0    0    0    0  330    0 2000
   31 3533   35    2    9    1    0    0    0    0    0  330    0 1600
   31 3535   35    2    9    1    0    0    0    0    0  330    0 1600
   31 3541   35    1    9    2    0    0    0    0    0  560    0 4000
   31 3543   35    1    9    2    0    0    0    0    0  560    0 1600
   31 3545   35    1    9    2    0    0    0    0    0  560    0 1600
   31 3711   37    2    8    1    0    0    0    0    0  200    0 2000
   31 3715   37    2    8    1    0    0    0    0    0  200    0 1600
   31 3721   37    1    9    2    0    0    0    0    0  560    0 4000
   31 3723   37    1    9    2    0    0    0    0    0  560    0 1600
   31 3725   37    1    9    2    0    0    0    0    0  560    0 1600
   31 3731   37    2    8    1    0    0    0    0    0  330    0 2000
   31 3735   37    2    8    1    0    0    0    0    0  330    0 1600
   31 3741   37    1    9    2    0    0    0    0    0  320    0 4000
   31 3745   37    1    9    2    0    0    0    0    0  320    0 1600
   31 3811   38    3    9    1    0    0    0    0    0  200    0 2000
   31 3815   38    3    9    1    0    0    0    0    0  200    0 1600
   31 3821   38    1    9    2    0    0    0    0    0  320    0 4000
   31 3823   38    1    9    2    0    0    0    0    0  320    0 1600
   31 3825   38    1    9    2    0    0    0    0    0  320    0 1600
   31 3831   38    3    9    1    0    0    0    0    0  330    0 2000
   31 3833   38    2   11    1    0    0    0    0    0  330    0 1600
   31 3835   38    3    9    1    0    0    0    0    0  330    0 1600
   31 3841   38    1    9    3    0    0    0    0    0  630    0 4000
   31 3845   38    1    9    3    2    0    0    0    0  630    0 1600
   31 3911   39    2    8    1    0    0    0    0    0  200    0 2000
   31 3915   39    2    8    1    0    0    0    0    0  200    0 1600
   31 3921   39    1    9    2    0    0    0    0    0  630    0 4000
   31 3925   39    1    9    2    0    0    0    0    0  630    0 1600
   31 3931   39    2    8    1    0    0    0    0    0  330    0 2000
   31 3935   39    2    8    1    0    0    0    0    0  330    0 1600
   31 3941   39    1    9    2    0    0    0    0    0  370    0 4000
   31 3945   39    1    9    2    0    0    0    0    0  370    0 1600
   31 4011   40    3    8    1    0    0    0    0    0  200    0 2000
   31 4013   40    3    8    1    0    0    0    0    0  200    0 1600
   31 4015   40    3    8    1    4    0    0    0    0  200    0 4000
   31 4021   40    1    9    2    0    0    0    0    0  370    0 4000
   31 4023   40    1    9    2    0    0    0    0    0  370    0 1600
   31 4025   40    1    9    2    0    0    0    0    0  370    0 1600
   31 4031   40    3    8    1    0    0    0    0    0  330    0 2000
   31 4035   40    3    8    1    0    0    0    0    0  330    0 1600
   31 4041   40    1    9    3    0    0    0    0    0  270    0 4000
   31 4043   40    1    9    3    0    0    0    0    0  270    0 1600
   31 4045   40    1    9    3    0    0    0    0    0  270    0 1600
   31 4113   41    1    6    2    3    0    0    0    0  200    0 2000
   31 4121   41    1    6    3    1    0    0    0    0  270    0 4500
   31 4125   41    1    6    2    0    0    0    0    0  270    0 2000
   31 4133   41    3    6    1    0    0    0    0    0  330    0 1600
   31 4141   41    2    6    1    0    0    0    0    0  260    0 4000
   31 4143   41    2    6    1    0    0    0    0    0  260    0 1600
   31 4221   42    1    5    2    0    0    0    0    0  260    0 4000
   31 4223   42    1    5    2    0    0    0    0    0  260    0 1600
   31 4231   42    2    7    1    0    0    0    0    0  330    0 2000
   31 4233   42    2    7    1    0    0    0    0    0  330    0 1600
   31 4241   42    1    5    2    0    0    0    0    0  730    0 4000
   31 4243   42    1    5    2    0    0    0    0    0  730    0 1600
   31 4311   43    3    6    1    0    0    0    0    0  200    0 2000
   31 4313   43    2    7    1    0    0    0    0    0  200    0 1600
   31 4315   43    3    6    1    0    0    0    0    0  200    0 1600
   31 4321   43    1    8    2    6    0    0    0    0  730    0 4000
   31 4323   43    1    8    2    6    0    0    0    0  730    0 1600
   31 4325   43    2    6    3    0    0    0    0    0  730    0 3200
   31 4331   43    3    6    1    0    0    0    0    0  330    0 2000
   31 4333   43    3    6    1    0    0    0    0    0  330    0 1600
   31 4335   43    3    6    1    3    0    0    0    0  330    0 4000
   31 4341   43    1    8    2    2    0    0    0    0  560    0 4500
   31 4343   43    1    8    2    0    0    0    0    0  560    0 1600
   31 4345   43    2   12    3    0    0    0    0    0  560    0 3200
   31 4413   44    2    7    1    7    0    0    0    0  200    0 1600
   31 4415   44    3    8    1    7    0    0    0    0  200    0 1600
   31 4421   44    1   16    3    0    0    0    0    0  560    0 4000
   31 4425   44    1   16    3    0    0    0    0    0  560    0 1600
   31 4441   44    1   16    2    0    0    0    0    0  740    0 4000
   31 4443   44    1   16    2    0    0    0    0    0  740    0 1600
   31 4511   45    3    6    1    0    0    0    0    0  200    0 4000
   31 4513   45    3    6    1    0    0    0    0    0  200    0 1600
   31 4515   45    3    6    1    1    0    0    0    0  200    0 2000
   31 4521   45    1    8    2    0    0    0    0    0  740    0 4000
   31 4523   45    1    8    2    0    0    0    0    0  740    0 1600
   31 4525   45    2    5    3    0    0    0    0    0  740    0 2000
   31 4531   45    3    6    1    0    0    0    0    0  330    0 4000
   31 4533   45    3    6    1    0    0    0    0    0  330    0 1600
   31 4535   45    3    6    1    0    0    0    0    0  330    0 1600
   31 4541   45    1    8    2    0    0    0    0    0  440    0 4000
   31 4543   45    1    8    2    0    0    0    0    0  440    0 1600
   31 4545   45    2    5    3    5    0    0    0    0  440    0 4000
   31 4613   46    2   10    1    0    0    0    0    0  200    0 1600
   31 4615   46    2   10    1    0    0    0    0    0  200    0 1600
   31 4621   46    1    8    2    0    0    0    0    0  440    0 4000
   31 4625   46    1    8    2    0    0    0    0    0  440    0 1600
   31 4641   46    1    8    2    0    0    0    0    0  320    0 4000
   31 4643   46    1    8    2    0    0    0    0    0  320    0 1600
   31 4711   47    2    6    1    0    0    0    0    0  200    0 2000
   31 4713   47    2    6    1    0    0    0    0    0  200    0 1600
   31 4721   47    1   10    2    0    0    0    0    0  320    0 4000
   31 4723   47    1   20    2    0    0    0    0    0  320    0 1600
   31 4731   47    2    6    1    0    0    0    0    0  330    0 2000
   31 4735   47    2    6    1    0    0    0    0    0  330    0 1600
   31 4741   47    1   10    2    0    0    0    0    0  280    0 4000
   31 4743   47    1   20    2    0    0    0    0    0  280    0 1600
   31 4811   48    1   13    2    0    0    0    0    0  200    0 2000
   31 4821   48    2   10    1    0    0    0    0    0  280    0 4000
   31 4825   48    2   10    1    0    0    0    0    0  280    0 1600
   31 4831   48    1   13    2    0    0    0    0    0  330    0 2000
   31 4833   48    1   13    2    0    0    0    0    0  330    0 1600
   31 4841   48    2   10    1    6    0    0    0    0   80    0 4000
   31 4921   48    2   10    1    6    0    0    0    0   80    0 4400
   31 4923   48    2   10    1    6    0    0    0    0   80    0 1600
   31 4933   48    1   12    2    4    0    0    0    0  330    0 3200
   31 4941   48    2   10    1    0    0    0    0    0   80    0 4000
   31 4945   48    1   11    2    4    0    0    0    0   80    0 1600
   32  611  870    0    0    0   70
   32  613  300    0    0    0   70
   32  615  240    0    0    0   70
   32  621 1460    0 3521 1300   60 3515  150   51 3533   50   51
   32  623  120    0 3521  100   60 3515   50   51
   32  625  420    0 3521  400   60 3533   10   51
   32  631 1290    0    0    0   70
   32  635  240    0    0    0   70
   32  641 1490    0 3741 1400   60 3711   50   51 3735   50   51
   32  643  150    0 3741  100   60 3735   50   51
   32 3111  290    0    0    0   50
   32 3115  260    0    0    0   50
   32 3121 2090    0    0    0   50
   32 3123   80    0    0    0   50
   32 3125  260    0    0    0   50
   32 3131  270    0    0    0   50
   32 3135  120    0    0    0   50
   32 3141 1040    0 3241  850   70 3211   50   61 3235  150   61
   32 3145  120    0 3241  100   70 3211   10   61
   32 3211  370    0    0    0   50
   32 3215   80    0    0    0   50
   32 3221 2000    0 3121 1800   70 3131  150   61 3115  150   61
   32 3223  220    0 3121  100   70 3115  100   61
   32 3225  110    0 3121  100   70 3131   10   61
   32 3231  270    0    0    0   50
   32 3233  190    0    0    0   50
   32 3235  140    0    0    0   50
   32 3241  960    0 3341  850   70 3313  100   61 3335   50   61
   32 3243   90    0 3341  100   70 3335   10   61
   32 3245   60    0 3341   50   70 3313   10   61
   32 3311  370    0    0    0   50
   32 3313  100    0    0    0   50
   32 3315  130    0    0    0   50
   32 3321 1770    0 3221 1650   70 3233  150   61 3215   50   61
   32 3323  140    0 3221  100   70 3215   10   61
   32 3325  260    0 3221  200   70 3233   50   61
   32 3331  400    0    0    0   50
   32 3333  150    0    0    0   50
   32 3335   60    0    0    0   50
   32 3341 1100    0 3441 1100   70 3413   50   61 3431   50   61
   32 3343  100    0 3441  100   70
   32 3345  150    0 3441  100   70 3413   50   61
   32 3411  300    0    0    0   50
   32 3413  100    0    0    0   50
   32 3421 1900    0 3321 1650   70 3333  100   61 3315  150   61
   32 3425  260    0 3321  200   70 3333   50   61
   32 3431  120    0    0    0   50
   32 3441 1580    0 3541 1450   70 3513   10   61 3535  100   61
   32 3445  190    0 3541  200   70
   32 3511   80    0    0    0   50
   32 3513   40    0    0    0   50
   32 3515  240    0    0    0   50
   32 3521 2100    0 3421 1850   70 3431   50   61 3411  200   61
   32 3525   20    0 3421   10   70
   32 3531   60    0    0    0   50
   32 3533   40    0    0    0   50
   32 3535   40    0    0    0   50
   32 3541 1560    0  641 1100   60  613  300   51  635  200   51
   32 3543   60    0  641   50   60  635   10   51
   32 3545  140    0  641  150   60  613   10   51
   32 3711  110    0    0    0   50
   32 3715   30    0    0    0   50
   32 3721 1660    0  621 1300   60  631  100   51  615  200   51
   32 3723   90    0  621  100   70  615   10   51
   32 3725   60    0  621   50   70  631   10   51
   32 3731   20    0    0    0   50
   32 3735  100    0    0    0   50
   32 3741 1480    0 3841 1350   70 3811   10   51 3835  100   51
   32 3745   10    0 3841   10   70 3811   10   51
   32 3811  220    0    0    0   50
   32 3815  180    0    0    0   50
   32 3821 1650    0 3721 1600   70 3731   10   51 3715   50   51
   32 3823  100    0 3721   10   70
   32 3825   40    0 3721   50   70
   32 3831  200    0    0    0   50
   32 3833  420    0    0    0   50
   32 3835  100    0    0    0   50
   32 3841 1660    0 3941 1500   70 3911  150   51 3935  100   51
   32 3845  410    0 3941  400   70 3911   10   51
   32 3911  240    0    0    0   50
   32 3915  110    0    0    0   50
   32 3921 2080    0 3821 1550   70 3833  350   51 3815  200   51
   32 3925  180    0 3821  150   70 3833   50   51
   32 3931   50    0    0    0   50
   32 3935  100    0    0    0   50
   32 3941 2030    0 4041 1950   70 4013   50   51 4035   50   51
   32 3945   20    0 4041   10   70 4013   10   51
   32 4011   30    0    0    0   50
   32 4013   60    0    0    0   50
   32 4015  360    0    0    0   50
   32 4021 2000    0 3921 1900   70 3931   10   51 3915  100   51
   32 4023   90    0 3921  100   70 3915   10   51
   32 4025   30    0 3921   10   70
   32 4031   60    0    0    0   50
   32 4035   60    0    0    0   50
   32 4041 2010    0 4141 1550   70 4113  400   51
   32 4043  430    0 4141  300   70 4113  150   51
   32 4045  250    0 4141  150   70 4113  100   51
   32 4113  650    0    0    0   50
   32 4121 2570    0 4021 1950   70 4031   10   51 4015  250   51
   32 4125  520    0 4021  400   70 4031   10   51 4015  100   51
   32 4133  340    0    0    0   50
   32 4141 1940    0 4241 1750   70 4231  300   51
   32 4143  160    0 4241  150   70
   32 4221 2370    0 4121 2100   70 4133  350   51
   32 4223  350    0 4121  350   70
   32 4231  280    0    0    0   50
   32 4233  210    0    0    0   50
   32 4241 1980    0 4341 1500   70 4313   10   51 4335  350   51
   32 4243  380    0 4341  200   70 4313   10   51 4335  200   51
   32 4311  100    0    0    0   50
   32 4313   40    0    0    0   50
   32 4315  270    0    0    0   50
   32 4321 1460    0 4221 1450   70 4233  100   51
   32 4323  380    0 4221  350   70 4233   50   51
   32 4325  460    0 4221  400   70 4233   50   51
   32 4331  290    0    0    0   50
   32 4333  140    0    0    0   50
   32 4335  540    0    0    0   50
   32 4341 1610    0 4441 1550   70 4413   50   51
   32 4343   40    0 4441   50   70
   32 4345  170    0 4441  150   70 4413   10   51
   32 4413   80    0    0    0   50
   32 4415   60    0    0    0   50
   32 4421 1520    0 4321 1300   70 4333  100   51 4315  250   51
   32 4425  100    0 4321  100   70 4333   10   51
   32 4441 1940    0 4541 1500   70 4513  150   51 4535   50   51
   32 4443  140    0 4541  100   70 4535   50   51
   32 4511  780    0    0    0   50
   32 4513  150    0    0    0   50
   32 4515  160    0    0    0   50
   32 4521 1560    0 4421 1400   70 4415   50   51
   32 4523  130    0 4421  100   70 4415   10   51
   32 4525  180    0 4421  150   70
   32 4531  810    0    0    0   50
   32 4533  310    0    0    0   50
   32 4535  110    0    0    0   50
   32 4541 1300    0 4641 1400   70 4613  100   51
   32 4543   70    0 4641   50   70
   32 4545  440    0 4641  400   70 4613   50   51
   32 4613  160    0    0    0   50
   32 4615  280    0    0    0   50
   32 4621 1720    0 4521 1400   70 4533  300   51 4515  150   51
   32 4625   70    0 4521   50   70 4533   10   51
   32 4641 2070    0 4741 2000   70 4713   10   51 4735  100   51
   32 4643   30    0 4741   10   70 4735   10   51
   32 4711  150    0    0    0   50
   32 4713   20    0    0    0   50
   32 4721 1920    0 4621 1800   70 4615   50   51
   32 4723   80    0 4621   50   70 4615   50   51
   32 4731  260    0    0    0   50
   32 4735  110    0    0    0   50
   32 4741 2030    0 4841 1950   70 4811   10   51 4831   50   51
   32 4743   90    0 4841  100   70 4831   10   51
   32 4811   40    0    0    0   50
   32 4821 1900    0 4721 1900   70 4731   10   51
   32 4825   10    0 4721   10   70
   32 4831   80    0    0    0   50
   32 4833  210    0    0    0   50
   32 4841 2060    0 4941 2050   70
   32 4921 2670    0 4821 2150   70 4833  200   51 4811   50   51
   32 4923   10    0 4821   10   70
   32 4933  620    0    0    0   50
   32 4941 2040    0    0    0   50
   32 4945  400    0    0    0   50
   37  145 -375  405  115  635

