Ring 3 - 2e
    1   80   40   60    2    3    0    0    0    0    1    0    0    0   36   20
    2    7    8    9
   14    6   47   23    0   10   12   21   34   10
   12    7   36   20   15   21
   13    8   33   20   68   10    0   23
   12    9   63   20   28   18
   30  615  631    0    0   22   19    0    0    0    0  770    0 1602
   30  625  641  643    0   22   19    0    0    0    0  200    0 1602
   30  635  611  613    0   22   19    0    0    0    0 1300    0 1600
   30  735  711  713    0   22   19    0    0    0    0  770    0 1602
   30  815  831    0    0   22   19    0    0    0    0 1070    0 1600
   30  825  841    0    0   22   19    0    0    0    0  200    0 1600
   30  835  811    0    0   22   19    0    0    0    0  390    0 1602
   30  845  821  823    0   22   19    0    0    0    0  200    0 1600
   30  935  911  913    0   22   19    0    0    0    0 1070    0 1600
   31  611    6    3    6    4    0    0    0    0    0  770    0 4000
   31  613    6    2    7    4    0    0    0    0    0  770    0 1600
   31  615    6    3    6    1    0    0    0    0    0  770    0 1602
   31  621    6    1    6    3    0    0    0    0    0  200    0 4000
   31  623    6    1    6    3    0    0    0    0    0  200    0 1600
   31  625    6    1    6    3    0    0    0    0    0  200    0 2000
   31  631    6    3    6    4    0    0    0    0    0 1300    0 4500
   31  635    6    3    6    1    0    0    0    0    0 1300    0 1601
   31  641    6    1    6    2    0    0    0    0    0  200    0 6000
   31  643    6    1    6    2    0    0    0    0    0  200    0 1600
   31  711    7    1    9    2    0    0    0    0    0  390    0 4000
   31  713    7    1    9    2    0    0    0    0    0  390    0 1600
   31  723    7    2    7    1    0    0    0    0    0  200    0 1600
   31  725    7    2    7    1    0    0    0    0    0  200    0 1600
   31  731    7    1    9    2    0    0    0    0    0  770    0 4000
   31  735    7    1    9    2    0    0    0    0    0  770    0 1602
   31  811    8    1    9    2    0    0    0    0    0 1070    0 4500
   31  815    8    1    9    2    0    0    0    0    0 1070    0 1601
   31  821    8    3    8    1    0    0    0    0    0  200    0 2000
   31  823    8    3    8    1    0    0    0    0    0  200    0 1600
   31  825    8    3    8    1    0    0    0    0    0  200    0 1600
   31  831    8    1    9    3    0    0    0    0    0  390    0 4000
   31  835    8    1    9    3    0    0    0    0    0  390    0 1602
   31  841    8    3    8    1    0    0    0    0    0  200    0 2000
   31  845    8    3    8    1    0    0    0    0    0  200    0 1601
   31  911    9    1    9    2    0    0    0    0    0 1240    0 4000
   31  913    9    1    0    2    0    0    0    0    0 1240    0 1600
   31  923    9    2    9    1    0    0    0    0    0  200    0 1600
   31  925    9    2    9    1    0    0    0    0    0  200    0 3200
   31  931    9    1    9    2    0    0    0    0    0 1070    0 4000
   31  935    9    1    9    2    0    0    0    0    0 1070    0 1601
   32  611  860    0  711  850   70  723  150   61
   32  613  370    0  711  300   70  723   50   61
   32  615  270    0  711  200   70  723   50   61
   32  621 1390    0    0    0   50
   32  623  170    0    0    0   50
   32  625  340    0    0    0   50
   32  631  910    0    0    0   70
   32  635  290    0    0    0   70
   32  641 1390    0    0    0   50
   32  643  290    0    0    0   50
   32  711 1490    0  811 1200   70  823  350   61  845   50   61
   32  713  100    0  811  100   70
   32  723  300    0    0    0   50
   32  725  260    0    0    0   50
   32  731 1330    0  625  300   61  631  750   70  643  250   61
   32  735  120    0  625   50   61  631   50   70  643   50   61
   32  811 1430    0  911 1300   70  923  150   61
   32  815  250    0  911  250   70
   32  821  340    0    0    0   50
   32  823  350    0    0    0   50
   32  825  180    0    0    0   50
   32  831 1320    0  731 1100   70  725  300   61
   32  835  140    0  731  150   70
   32  841  240    0    0    0   50
   32  845   60    0    0    0   50
   32  911 1610    0    0    0   70
   32  913  690    0    0    0   70
   32  923  160    0    0    0   50
   32  925  860    0    0    0   50
   32  931 1480    0  831 1200   70  841  100   61  825  200   61
   32  935  120    0  831  100   70  841   10   61
   37  145 -375  405  115  635

