Ring 3 - 1e
    1   90   40   60    2    3    0    0    0    0    1    0    0    0   36   20
    2    3    4    5
   13    3   61   20   28   14   43   14
   13    4   61   21   12   14   27   10
   14    5   79   10    0   14   37   11   49   18
   30  325  341  343    0   22   19    0    0    0    0  200    0 1600
   30  345  321  323    0   22   19    0    0    0    0  200    0 1600
   30  415  431  433    0   22   19    0    0    0    0 1260    0 1600
   30  425  441  443    0   22   19    0    0    0    0  200    0 1600
   30  435  411  413    0   22   19    0    0    0    0  340    0 1600
   30  445  421    0    0   22   19    0    0    0    0  200    0 1600
   30  515  531  533    0   22   19    0    0    0    0 1300    0 1602
   30  525  541  543    0   22   19    0    0    0    0  200    0 1602
   30  535  511  513    0   22   19    0    0    0    0 1360    0 1600
   30  545  521    0    0   22   19    0    0    0    0  200    0 1602
   31  311    3    1    6    2    0    0    0    0    0  340    0 4000
   31  313    3    1    6    2    0    0    0    0    0  340    0 1800
   31  315    3    2    6    3    0    0    0    0    0  340    0 1600
   31  321    3    3    6    1    0    0    0    0    0  200    0 2000
   31  323    3    3    6    1    0    0    0    0    0  200    0 1600
   31  325    3    3    6    1    4    0    0    0    0  200    0 2000
   31  331    3    1    6    2    0    0    0    0    0  200    0 4000
   31  333    3    1    6    2    0    0    0    0    0  200    0 1600
   31  335    3    2    6    3    0    0    0    0    0  200    0 1600
   31  341    3    3    6    1    0    0    0    0    0  200    0 2000
   31  343    3    2    9    1    0    0    0    0    0  200    0 1600
   31  345    3    3    6    1    3    0    0    0    0  200    0 2000
   31  411    4    1    9    2    0    0    0    0    0 1260    0 4000
   31  413    4    1    9    2    0    0    0    0    0 1260    0 1600
   31  415    4    1    9    2    0    0    0    0    0 1260    0 1601
   31  421    4    2    6    1    0    0    0    0    0  200    0 1600
   31  425    4    2    6    1    0    0    0    0    0  200    0 2000
   31  431    4    1    9    2    0    0    0    0    0  340    0 4000
   31  433    4    1    9    2    0    0    0    0    0  340    0 1600
   31  435    4    1    9    2    0    0    0    0    0  340    0 1601
   31  441    4    2    6    1    0    0    0    0    0  200    0 2000
   31  443    4    2    6    1    0    0    0    0    0  200    0 1600
   31  445    4    2    6    1    0    0    0    0    0  200    0 1601
   31  511    5    2    6    4    0    0    0    0    0 1300    0 4000
   31  513    5    2    6    4    0    0    0    0    0 1300    0 1600
   31  515    5    2    6    4    0    0    0    0    0 1300    0 1602
   31  521    5    4    7    1    0    0    0    0    0  200    0 2000
   31  525    5    4    7    2    0    0    0    0    0  200    0 1602
   31  531    5    2    6    3    0    0    0    0    0 1260    0 4000
   31  533    5    2    6    3    0    0    0    0    0 1260    0 1600
   31  535    5    2    6    3    0    0    0    0    0 1260    0 1601
   31  541    5    4    7    1    0    0    0    0    0  200    0 2000
   31  543    5    4    7    1    0    0    0    0    0  200    0 1600
   31  545    5    3    7    2    0    0    0    0    0  200    0 1602
   32  311 1350    0  411  650   70  421  450   61  445  150   61
   32  313  930    0  411  650   70  421  150   61  445   50   61
   32  315  100    0  411  100   70  421   10   61
   32  321   80    0    0    0   50
   32  323   10    0    0    0   50
   32  325  250    0    0    0   50
   32  331  400    0    0    0   70
   32  333   50    0    0    0   50
   32  335   20    0    0    0   50
   32  341   60    0    0    0   50
   32  343  100    0    0    0   50
   32  345  220    0    0    0   50
   32  411 1130    0  511  900   70  521  100   61  545  250   61
   32  413   50    0  511   50   70  545   10   61
   32  415  150    0  511  100   70  545   50   61
   32  421  700    0    0    0   50
   32  425  150    0    0    0   50
   32  431  400    0  331  300   70  325  200   61  343  100   61
   32  433   70    0  331   50   70  343   10   61
   32  435   70    0  331   50   70  325   10   61
   32  441  260    0    0    0   50
   32  443  250    0    0    0   50
   32  445  180    0    0    0   50
   32  511 1210    0    0    0   70
   32  513  160    0    0    0   70
   32  515  260    0    0    0   70
   32  521  430    0    0    0   50
   32  525  230    0    0    0   50
   32  531  650    0  431  350   70  425  100   61  443  200   61
   32  533  200    0  431  100   70  425   50   61  443   50   61
   32  535   50    0  431   50   50
   32  541  200    0    0    0   50
   32  543  280    0    0    0   50
   32  545  310    0    0    0   50
   37  145 -375  405  115  635

