Rosk - e
    1   80   40   60    2    3    0    0    0    0    1    1    0    0   36   20
    2   31   32   33   34   35    6   37   38   39   40   41   42   43   44   46
    2   47   48
   12   31   27   20    2   25
   13   32   72   20   37   11   48   20
   13   33   28   20   68   10    0   26
   12   34   70   20   46   21
   12   35   65   20   42   23
   14    6   32   23   65   10   77   21   19   10
   12   37   59   20   32   22
   14   38   51   20    3   10   21   18   39   10
   12   39    9   20   64   23
   12   40   79   20   58   21
   13   41   20   20   50   15   70   20
   12   42   31   20    7   14
   13   43    6   20   40   12   60   21
   13   44   38   20   12   10   24   13
   13   45    9   20   51   10   65   18
   12   46   10   20   66   22
   12   47   36   20   12   22
   12   48   44   30    4   20
   30  615  631    0    0   22   19    0    0    0    0  770    0 1602
   30  625  641  643    0   22   19    0    0    0    0  560    0 1602
   30  635  611  613    0   22   19    0    0    0    0 1300    0 1600
   30 3115 3131    0    0   22   19    0    0    0    0  200    0 1600
   30 3125 3141    0    0   22   19    0    0    0    0  200    0 1600
   30 3135 3111    0    0   22   19    0    0    0    0  200    0 1600
   30 3145 3121 3123    0   22   19    0    0    0    0  980    0 1600
   30 3215 3231 3233    0   22   19    0    0    0    0  200    0 1600
   30 3225 3241 3243    0   22   19    0    0    0    0  980    0 1600
   30 3235 3211    0    0   22   19    0    0    0    0  200    0 1600
   30 3245 3221 3223    0   22   19    0    0    0    0  680    0 1600
   30 3315 3331 3333    0   22   19    0    0    0    0  200    0 1600
   30 3325 3341 3343    0   22   19    0    0    0    0  680    0 1600
   30 3335 3311 3313    0   22   19    0    0    0    0  200    0 1600
   30 3345 3321 3323    0   22   19    0    0    0    0  730    0 1600
   30 3425 3441    0    0   22   19    0    0    0    0  730    0 1600
   30 3445 3421    0    0   22   19    0    0    0    0  430    0 1600
   30 3515 3531 3533    0   22   19    0    0    0    0  200    0 1600
   30 3525 3541 3543    0   22   19    0    0    0    0  430    0 1600
   30 3535 3511 3513    0   22   19    0    0    0    0  200    0 1600
   30 3545 3521    0    0   22   19    0    0    0    0  560    0 1600
   30 3715 3731    0    0   22   19    0    0    0    0  200    0 1600
   30 3725 3741    0    0   22   19    0    0    0    0  460    0 1600
   30 3735 3711    0    0   22   19    0    0    0    0  200    0 1600
   30 3745 3721 3723    0   22   19    0    0    0    0  320    0 1600
   30 3815 3831 3833    0   22   19    0    0    0    0  200    0 1600
   30 3825 3841    0    0   22   19    0    0    0    0  320    0 1600
   30 3835 3811    0    0   22   19    0    0    0    0  200    0 1600
   30 3845 3821 3823    0   22   19    0    0    0    0  630    0 1600
   30 3915 3931    0    0   22   19    0    0    0    0  200    0 1600
   30 3925 3941    0    0   22   19    0    0    0    0  630    0 1600
   30 3935 3911    0    0   22   19    0    0    0    0  200    0 1600
   30 3945 3921    0    0   22   19    0    0    0    0  370    0 1600
   30 4015 4031    0    0   22   19    0    0    0    0  200    0 1600
   30 4025 4041 4043    0   22   19    0    0    0    0  370    0 1600
   30 4035 4011 4013    0   22   19    0    0    0    0  200    0 1600
   30 4045 4021 4023    0   22   19    0    0    0    0  270    0 1600
   30 4315 4331 4333    0   22   19    0    0    0    0  200    0 1600
   30 4335 4311 4313    0   22   19    0    0    0    0  200    0 1600
   30 4425 4441 4443    0   22   19    0    0    0    0  560    0 1600
   30 4515 4531 4533    0   22   19    0    0    0    0  200    0 1600
   30 4535 4511 4513    0   22   19    0    0    0    0  200    0 1600
   30 4625 4641 4643    0   22   19    0    0    0    0  440    0 1600
   30 4735 4711 4713    0   22   19    0    0    0    0  200    0 1600
   30 4825 4841    0    0   22   19    0    0    0    0  280    0 1600
   31  611    6    3    6    4    0    0    0    0    0  770    0 4000
   31  613    6    2    7    4    0    0    0    0    0  770    0 1600
   31  615    6    3    6    1    0    0    0    0    0  770    0 1602
   31  621    6    1    6    3    0    0    0    0    0  200    0 4000
   31  623    6    1    6    3    0    0    0    0    0  200    0 1600
   31  625    6    1    6    3    0    0    0    0    0  200    0 1600
   31  631    6    3    6    4    0    0    0    0    0 1300    0 4500
   31  635    6    3    6    1    0    0    0    0    0 1300    0 1601
   31  641    6    1    6    2    0    0    0    0    0  200    0 6000
   31  643    6    1    6    2    0    0    0    0    0  200    0 1600
   31 3111   31    2    7    1    0    0    0    0    0  200    0 2000
   31 3115   31    2    7    1    0    0    0    0    0  200    0 1600
   31 3121   31    1   11    2    0    0    0    0    0  200    0 4000
   31 3123   31    1   11    2    0    0    0    0    0  200    0 1600
   31 3125   31    1   11    2    0    0    0    0    0  200    0 1600
   31 3131   31    2    7    1    0    0    0    0    0  330    0 2000
   31 3135   31    2    7    1    0    0    0    0    0  330    0 1600
   31 3141   31    1   11    2    0    0    0    0    0  980    0 4000
   31 3145   31    1   11    2    0    0    0    0    0  980    0 1600
   31 3211   32    3    7    1    0    0    0    0    0  200    0 2250
   31 3215   32    3    7    1    0    0    0    0    0  200    0 1600
   31 3221   32    1   10    2    0    0    0    0    0  980    0 4000
   31 3223   32    1   10    2    0    0    0    0    0  980    0 1600
   31 3225   32    1   10    2    0    0    0    0    0  980    0 1600
   31 3231   32    3    7    1    0    0    0    0    0  330    0 2000
   31 3233   32    2    7    1    0    0    0    0    0  330    0 1600
   31 3235   32    3    7    1    0    0    0    0    0  330    0 1600
   31 3241   32    1   10    3    0    0    0    0    0  680    0 4000
   31 3243   32    1   10    3    0    0    0    0    0  680    0 1600
   31 3245   32    1   10    3    0    0    0    0    0  680    0 1600
   31 3311   33    3    6    1    0    0    0    0    0  200    0 2000
   31 3313   33    3    6    1    0    0    0    0    0  200    0 1600
   31 3315   33    3    6    1    0    0    0    0    0  200    0 1600
   31 3321   33    1    8    2    0    0    0    0    0  680    0 4200
   31 3323   33    1    8    2    0    0    0    0    0  680    0 1600
   31 3325   33    1    8    2    0    0    0    0    0  680    0 1600
   31 3331   33    3    6    1    0    0    0    0    0  330    0 2000
   31 3333   33    2    8    1    0    0    0    0    0  330    0 1600
   31 3335   33    3    6    1    0    0    0    0    0  330    0 1600
   31 3341   33    1    8    3    0    0    0    0    0  730    0 4000
   31 3343   33    1    8    3    0    0    0    0    0  730    0 1600
   31 3345   33    1    8    3    0    0    0    0    0  730    0 1600
   31 3411   34    2    8    1    0    0    0    0    0  200    0 2000
   31 3413   34    2    8    1    0    0    0    0    0  200    0 1600
   31 3421   34    1    8    2    0    0    0    0    0  730    0 4000
   31 3425   34    1    8    2    0    0    0    0    0  730    0 1600
   31 3431   34    2    8    1    0    0    0    0    0  330    0 2000
   31 3441   34    1    8    2    0    0    0    0    0  430    0 4200
   31 3445   34    1    8    2    0    0    0    0    0  430    0 1600
   31 3511   35    2    9    1    0    0    0    0    0  200    0 2000
   31 3513   35    2    9    1    0    0    0    0    0  200    0 1600
   31 3515   35    2    9    1    0    0    0    0    0  200    0 1600
   31 3521   35    1    9    2    0    0    0    0    0  430    0 4000
   31 3525   35    1    9    2    0    0    0    0    0  430    0 1600
   31 3531   35    2    9    1    0    0    0    0    0  330    0 2000
   31 3533   35    2    9    1    0    0    0    0    0  330    0 1600
   31 3535   35    2    9    1    0    0    0    0    0  330    0 1600
   31 3541   35    1    9    2    0    0    0    0    0  560    0 4000
   31 3543   35    1    9    2    0    0    0    0    0  560    0 1600
   31 3545   35    1    9    2    0    0    0    0    0  560    0 1600
   31 3711   37    2    8    1    0    0    0    0    0  200    0 2000
   31 3715   37    2    8    1    0    0    0    0    0  200    0 1600
   31 3721   37    1    9    2    0    0    0    0    0  560    0 4000
   31 3723   37    1    9    2    0    0    0    0    0  560    0 1600
   31 3725   37    1    9    2    0    0    0    0    0  560    0 1600
   31 3731   37    2    8    1    0    0    0    0    0  330    0 2000
   31 3735   37    2    8    1    0    0    0    0    0  330    0 1600
   31 3741   37    1    9    2    0    0    0    0    0  320    0 4000
   31 3745   37    1    9    2    0    0    0    0    0  320    0 1600
   31 3811   38    3    9    4    0    0    0    0    0  200    0 2250
   31 3815   38    3    9    1    0    0    0    0    0  200    0 1600
   31 3821   38    1    7    2    0    0    0    0    0  320    0 4500
   31 3823   38    1    7    2    0    0    0    0    0  320    0 1600
   31 3825   38    1    7    2    0    0    0    0    0  320    0 1600
   31 3831   38    3    9    4    0    0    0    0    0  330    0 2000
   31 3833   38    2    9    4    0    0    0    0    0  330    0 1600
   31 3835   38    3    9    1    0    0    0    0    0  330    0 2000
   31 3841   38    1    7    3    0    0    0    0    0  630    0 4000
   31 3845   38    1    7    3    3    0    0    0    0  630    0 1600
   31 3911   39    2    8    1    0    0    0    0    0  200    0 2000
   31 3915   39    2    8    1    0    0    0    0    0  200    0 1600
   31 3921   39    1    9    2    0    0    0    0    0  630    0 4000
   31 3925   39    1    9    2    0    0    0    0    0  630    0 1600
   31 3931   39    2    8    1    0    0    0    0    0  330    0 2000
   31 3935   39    2    8    1    0    0    0    0    0  330    0 1600
   31 3941   39    1    9    2    0    0    0    0    0  370    0 4000
   31 3945   39    1    9    2    0    0    0    0    0  370    0 1600
   31 4011   40    2    9    1    0    0    0    0    0  200    0 2000
   31 4013   40    2    9    1    0    0    0    0    0  200    0 1600
   31 4015   40    2    9    1    4    0    0    0    0  200    0 4000
   31 4021   40    1    9    2    0    0    0    0    0  370    0 4000
   31 4023   40    1    9    2    0    0    0    0    0  370    0 1600
   31 4025   40    1    9    2    0    0    0    0    0  370    0 1600
   31 4031   40    2    9    1    0    0    0    0    0  330    0 2000
   31 4035   40    2    9    1    0    0    0    0    0  330    0 1600
   31 4041   40    1    9    2    0    0    0    0    0  270    0 4000
   31 4043   40    1    9    2    0    0    0    0    0  270    0 1600
   31 4045   40    1    9    2    0    0    0    0    0  270    0 1600
   31 4113   41    1    6    2    0    0    0    0    0  200    0 1600
   31 4121   41    1    6    3    0    0    0    0    0  270    0 4000
   31 4125   41    1    6    2    0    0    0    0    0  270    0 1600
   31 4133   41    3    6    1    0    0    0    0    0  330    0 1600
   31 4141   41    2    6    1    0    0    0    0    0  260    0 4000
   31 4143   41    2    6    1    0    0    0    0    0  260    0 1600
   31 4221   42    1    5    2    0    0    0    0    0  260    0 4000
   31 4223   42    1    5    2    0    0    0    0    0  260    0 1600
   31 4231   42    2    7    1    0    0    0    0    0  330    0 2000
   31 4233   42    2    7    1    0    0    0    0    0  330    0 1600
   31 4241   42    1    5    2    0    0    0    0    0  730    0 4000
   31 4243   42    1    5    2    0    0    0    0    0  730    0 1600
   31 4311   43    3    6    1    0    0    0    0    0  200    0 2000
   31 4313   43    2    7    1    0    0    0    0    0  200    0 1600
   31 4315   43    3    6    1    0    0    0    0    0  200    0 1600
   31 4321   43    1    8    2    0    0    0    0    0  730    0 4500
   31 4323   43    1    8    2    0    0    0    0    0  730    0 2000
   31 4325   43    2    6    3    0    0    0    0    0  730    0 3200
   31 4331   43    3    6    1    0    0    0    0    0  330    0 2000
   31 4333   43    3    6    1    0    0    0    0    0  330    0 1600
   31 4335   43    3    6    1    1    0    0    0    0  330    0 4000
   31 4341   43    1    8    2    6    0    0    0    0  560    0 4000
   31 4343   43    1    8    2    6    0    0    0    0  560    0 1600
   31 4345   43    2   12    3    0    0    0    0    0  560    0 3200
   31 4413   44    2    7    1    7    0    0    0    0  200    0 1600
   31 4415   44    3    8    1    7    0    0    0    0  200    0 1600
   31 4421   44    1   16    3    0    0    0    0    0  560    0 4000
   31 4425   44    1   16    3    0    0    0    0    0  560    0 1600
   31 4441   44    1   16    2    0    0    0    0    0  740    0 4000
   31 4443   44    1   16    2    0    0    0    0    0  740    0 1600
   31 4511   45    3    6    1    0    0    0    0    0  200    0 4000
   31 4513   45    3    6    1    0    0    0    0    0  200    0 1600
   31 4515   45    3    6    1    0    0    0    0    0  200    0 1600
   31 4521   45    1    8    2    0    0    0    0    0  740    0 4000
   31 4523   45    1    8    2    0    0    0    0    0  740    0 1600
   31 4525   45    2    5    3    0    0    0    0    0  740    0 2000
   31 4531   45    3    6    1    0    0    0    0    0  330    0 4000
   31 4533   45    3    6    1    0    0    0    0    0  330    0 1600
   31 4535   45    3    6    1    1    0    0    0    0  330    0 2000
   31 4541   45    1    8    2    0    0    0    0    0  440    0 4000
   31 4543   45    1    8    2    0    0    0    0    0  440    0 1600
   31 4545   45    2    5    3    5    0    0    0    0  440    0 4000
   31 4613   46    2   10    1    0    0    0    0    0  200    0 1600
   31 4615   46    2   10    1    0    0    0    0    0  200    0 1600
   31 4621   46    1    8    2    0    0    0    0    0  440    0 4000
   31 4625   46    1    8    2    0    0    0    0    0  440    0 1600
   31 4641   46    1    8    2    0    0    0    0    0  320    0 4000
   31 4643   46    1    8    2    0    0    0    0    0  320    0 1600
   31 4711   47    2    6    1    0    0    0    0    0  200    0 2000
   31 4713   47    2    6    1    0    0    0    0    0  200    0 1600
   31 4721   47    1   10    2    0    0    0    0    0  320    0 4000
   31 4723   47    1   20    2    0    0    0    0    0  320    0 1600
   31 4731   47    2    6    1    0    0    0    0    0  330    0 2000
   31 4735   47    2    6    1    0    0    0    0    0  330    0 1600
   31 4741   47    1   10    2    0    0    0    0    0  280    0 4000
   31 4743   47    1   20    2    0    0    0    0    0  280    0 1600
   31 4811   48    1   27    2    0    0    0    0    0  200    0 2000
   31 4821   48    2   10    1    0    0    0    0    0  280    0 4200
   31 4825   48    2   10    1    0    0    0    0    0  280    0 1600
   31 4831   48    1   27    2    0    0    0    0    0  330    0 2000
   31 4833   48    1   27    2    0    0    0    0    0  330    0 1600
   31 4841   48    2   10    1   20    0    0    0    0   80    0 4000
   31 4921   48    2   10    1    6    0    0    0    0   80    0 4000
   31 4923   48    2   10    1    6    0    0    0    0   80    0 1600
   31 4933   48    1   12    2    4    0    0    0    0  330    0 3200
   31 4941   48    2   10    1   14    0    0    0    0   80    0 4000
   31 4945   48    1   11    2    4    0    0    0    0   80    0 1600
   32  611  860    0    0    0   70
   32  613  370    0    0    0   70
   32  615  270    0    0    0   70
   32  621 1390    0 3521 1200   60 3515  100   51 3533   50   51
   32  623  170    0 3521  100   60 3515   50   51
   32  625  340    0 3521  350   60 3533   10   51
   32  631  910    0    0    0   70
   32  635  290    0    0    0   70
   32  641 1390    0 3741 1350   60 3711  100   51 3735  100   51
   32  643  290    0 3741  250   60 3735   50   51
   32 3111  400    0    0    0   50
   32 3115  120    0    0    0   50
   32 3121 1200    0    0    0   50
   32 3123  100    0    0    0   50
   32 3125  150    0    0    0   50
   32 3131  260    0    0    0   50
   32 3135   80    0    0    0   50
   32 3141 1940    0 3241 1700   70 3211  150   61 3235  200   61
   32 3145   50    0 3241   50   70 3211   10   61
   32 3211  510    0    0    0   50
   32 3215  180    0    0    0   50
   32 3221 1200    0 3121 1050   70 3131  100   61 3115   50   61
   32 3223  150    0 3121  100   70 3115   50   61
   32 3225   90    0 3121  100   70 3131   10   61
   32 3231  290    0    0    0   50
   32 3233   90    0    0    0   50
   32 3235  200    0    0    0   50
   32 3241 1880    0 3341 1650   70 3313  200   61 3335  150   61
   32 3243   70    0 3341   50   70 3335   10   61
   32 3245  150    0 3341  100   70 3313   50   61
   32 3311  440    0    0    0   50
   32 3313  270    0    0    0   50
   32 3315  160    0    0    0   50
   32 3321 1200    0 3221 1000   70 3233   50   61 3215  150   61
   32 3323   60    0 3221   50   70 3215   10   61
   32 3325  130    0 3221  100   70 3233   50   61
   32 3331  400    0    0    0   50
   32 3333  260    0    0    0   50
   32 3335  150    0    0    0   50
   32 3341 1830    0 3441 1850   70 3413  150   61 3431  100   61
   32 3343  190    0 3441  200   70
   32 3345  250    0 3441  150   70 3413  100   61
   32 3411  220    0    0    0   50
   32 3413  230    0    0    0   50
   32 3421 1410    0 3321 1100   70 3333  200   61 3315  150   61
   32 3425  110    0 3321   50   70 3333   50   61
   32 3431  190    0    0    0   50
   32 3441 2490    0 3541 2150   70 3513   50   61 3535   50   61
   32 3445   70    0 3541   50   70
   32 3511   20    0    0    0   50
   32 3513   40    0    0    0   50
   32 3515  170    0    0    0   50
   32 3521 1630    0 3421 1400   70 3431   50   61 3411  150   61
   32 3525   70    0 3421   50   70
   32 3531   80    0    0    0   50
   32 3533   80    0    0    0   50
   32 3535   70    0    0    0   50
   32 3541 1930    0  641 1300   60  613  350   51  635  200   51
   32 3543  250    0  641  150   60  635  100   51
   32 3545   40    0  641   50   60  613   10   51
   32 3711  220    0    0    0   50
   32 3715   80    0    0    0   50
   32 3721 1420    0  621 1150   60  631  200   51  615  200   51
   32 3723  140    0  621  100   70  615   50   51
   32 3725   80    0  621   50   70  631   10   51
   32 3731  120    0    0    0   50
   32 3735  160    0    0    0   50
   32 3741 1730    0 3841 1400   70 3811   50   51 3835  450   51
   32 3745   50    0 3841   50   70
   32 3811  290    0    0    0   50
   32 3815  270    0    0    0   50
   32 3821 1400    0 3721 1200   70 3731  100   51 3715  100   51
   32 3823  200    0 3721  200   70
   32 3825   50    0 3721   50   70
   32 3831  220    0    0    0   50
   32 3833  540    0    0    0   50
   32 3835  440    0    0    0   50
   32 3841 1770    0 3941 1650   70 3911  200   51 3935   50   51
   32 3845  260    0 3941  200   70 3911   50   51
   32 3911  280    0    0    0   50
   32 3915  100    0    0    0   50
   32 3921 2010    0 3821 1300   70 3833  550   51 3815  250   51
   32 3925  130    0 3821  100   70 3833   50   51
   32 3931  110    0    0    0   50
   32 3935   60    0    0    0   50
   32 3941 2040    0 4041 1900   70 4013   50   51 4035  150   51
   32 3945   40    0 4041   10   70 4013   10   51
   32 4011   20    0    0    0   50
   32 4013   60    0    0    0   50
   32 4015  380    0    0    0   50
   32 4021 2130    0 3921 1950   70 3931  100   51 3915  100   51
   32 4023   70    0 3921   50   70
   32 4025   40    0 3921   50   70
   32 4031  250    0    0    0   50
   32 4035  160    0    0    0   50
   32 4041 1950    0 4141 1650   70 4113  300   51
   32 4043  230    0 4141  150   70 4113  100   51
   32 4045  100    0 4141   50   70 4113   50   51
   32 4113  460    0    0    0   50
   32 4121 2150    0 4021 1850   70 4031  150   51 4015  300   51
   32 4125  260    0 4021  100   70 4031   50   51 4015  100   51
   32 4133  360    0    0    0   50
   32 4141 1830    0 4241 1750   70 4231  200   51
   32 4143  400    0 4241  400   70
   32 4221 1860    0 4121 1550   70 4133  350   51
   32 4223  540    0 4121  550   70
   32 4231  180    0    0    0   50
   32 4233  350    0    0    0   50
   32 4241 2260    0 4341 1450   70 4313  400   51 4335  250   51
   32 4243  520    0 4341  200   70 4313  150   51 4335  150   51
   32 4311  200    0    0    0   50
   32 4313  530    0    0    0   50
   32 4315   60    0    0    0   50
   32 4321 1470    0 4221 1200   70 4233  200   51
   32 4323  700    0 4221  600   70 4233  100   51
   32 4325  220    0 4221  150   70 4233   50   51
   32 4331  170    0    0    0   50
   32 4333  140    0    0    0   50
   32 4335  380    0    0    0   50
   32 4341 1480    0 4441 1400   70 4413  100   51
   32 4343   40    0 4441   50   70
   32 4345  270    0 4441  200   70 4413   50   51
   32 4413  140    0    0    0   50
   32 4415  150    0    0    0   50
   32 4421 1670    0 4321 1450   70 4333  150   51 4315   50   51
   32 4425   30    0 4321   10   70
   32 4441 1690    0 4541 1450   70 4513  200   51 4535  150   51
   32 4443  100    0 4541  100   70
   32 4511  950    0    0    0   50
   32 4513  220    0    0    0   50
   32 4515  160    0    0    0   50
   32 4521 1540    0 4421 1350   70 4415  100   51
   32 4523  210    0 4421  150   70 4415   50   51
   32 4525  230    0 4421  250   70
   32 4531  750    0    0    0   50
   32 4533  280    0    0    0   50
   32 4535  150    0    0    0   50
   32 4541 1600    0 4641 1550   70 4613  100   51
   32 4543  200    0 4641  200   70
   32 4545  540    0 4641  500   70 4613   50   51
   32 4613  170    0    0    0   50
   32 4615  240    0    0    0   50
   32 4621 1730    0 4521 1400   70 4533  250   51 4515  150   51
   32 4625   80    0 4521   50   70 4533   10   51
   32 4641 2310    0 4741 2100   70 4713   10   51 4735  100   51
   32 4643  100    0 4741  100   70 4735   10   51
   32 4711  230    0    0    0   50
   32 4713   30    0    0    0   50
   32 4721 1610    0 4621 1500   70 4615  200   51
   32 4723   90    0 4621   50   70 4615   50   51
   32 4731  160    0    0    0   50
   32 4735  110    0    0    0   50
   32 4741 2130    0 4841 2050   70 4811   10   51 4831  100   51
   32 4743  120    0 4841  100   70 4831   10   51
   32 4811  110    0    0    0   50
   32 4821 1600    0 4721 1600   70 4731   10   51
   32 4825   20    0 4721   10   70
   32 4831  160    0    0    0   50
   32 4833  150    0    0    0   50
   32 4841 2280    0 4941 2150   70
   32 4921 1720    0 4821 1500   70 4833  150   51 4811   50   51
   32 4923   40    0 4821   50   70
   32 4933  450    0    0    0   50
   32 4941 2020    0    0    0   50
   32 4945  530    0    0    0   50
   37  145 -375  405  115  635

