Ring 3 - 3m
    1   90   40   60    2    3    0    0    0    0    1    2    0    0   36   20
    2   10   11   12
   13   10   71   28   21   15   39   25
   12   11   55   20   33   19
   13   12    8   20   48   10   64   20
   30 1035 1011 1013    0   22   19    0    0    0    0 1240    0 1600
   30 1135 1111    0    0   22   19    0    0    0    0  230    0 1600
   30 1215 1231 1233    0   22   19    0    0    0    0  830    0 1602
   30 1225 1241 1243    0   22   19    0    0    0    0  200    0 1600
   30 1235 1211 1213    0   22   19    0    0    0    0  720    0 1600
   30 1245 1221    0    0   22   19    0    0    0    0  200    0 1600
   31 1011   10    1    7    2    4    0    0    0    0  230    0 4500
   31 1013   10    1    7    3    7    0    0    0    0  230    0 1600
   31 1021   10    3    7    1    5    0    0    0    0  200    0 4500
   31 1023   10    3    7    1    0    0    0    0    0  200    0 1600
   31 1025   10    2    8    3    5    0    0    0    0  200    0 2000
   31 1031   10    1    7    2    1    0    0    0    0 1240    0 4500
   31 1033   10    1    7    3    3    0    0    0    0 1240    0 1600
   31 1035   10    1    7    2    7    0    0    0    0 1240    0 2000
   31 1041   10    3   11    1    0    0    0    0    0  200    0 4500
   31 1045   10    2    8    3    3    0    0    0    0  200    0 4000
   31 1111   11    1    8    2    0    0    0    0    0  720    0 4000
   31 1121   11    2    7    1    0    0    0    0    0  200    0 2000
   31 1131   11    1    8    2    0    0    0    0    0  230    0 4000
   31 1135   11    1    8    2    0    0    0    0    0  230    0 1601
   31 1211   12    1   10    3    0    0    0    0    0  830    0 4000
   31 1213   12    1   10    3    0    0    0    0    0  830    0 1600
   31 1215   12    1   10    3    0    0    0    0    0  830    0 1602
   31 1221   12    3    6    1    0    0    0    0    0  200    0 2000
   31 1225   12    3    6    1    0    0    0    0    0  200    0 1601
   31 1231   12    1   10    2    3    0    0    0    0  720    0 4500
   31 1233   12    1   10    2    0    0    0    0    0  720    0 1600
   31 1235   12    1   10    2    0    0    0    0    0  720    0 1601
   31 1241   12    3    6    1    0    0    0    0    0  200    0 2000
   31 1243   12    3    6    1    0    0    0    0    0  200    0 1600
   31 1245   12    3    6    1    0    0    0    0    0  200    0 1600
   32 1011 1530    0 1111 1650   70 1121   50   61
   32 1013  500    0 1111  500   70
   32 1021 1570    0    0    0   50
   32 1023  360    0    0    0   50
   32 1025  380    0    0    0   50
   32 1031 1370    0    0    0   70
   32 1033  660    0    0    0   70
   32 1035  200    0    0    0   70
   32 1041 1200    0    0    0   50
   32 1045  640    0    0    0   50
   32 1111 1950    0 1211 1850   70 1221  160   61 1245   50   61
   32 1121  100    0    0    0   50
   32 1131 1600    0 1031 1250   70 1025  350   61
   32 1135  150    0 1031  100   70 1025   50   61
   32 1211 2070    0    0    0   70
   32 1213   50    0    0    0   70
   32 1215  400    0    0    0   70
   32 1221  380    0    0    0   50
   32 1225  180    0    0    0   50
   32 1231 1760    0 1131 1450   70 1121  150   61
   32 1233  230    0 1131  250   70
   32 1235   40    0 1131   50   70
   32 1241   40    0    0    0   50
   32 1243  340    0    0    0   50
   32 1245   40    0    0    0   50
   37  145 -375  405  115  635
