Ring 3 - 2m
    1   80   40   60    2    3    0    0    0    0    1    1    0    0   36   20
    2    7    8    9
   14    6   39   23   62   10   77   21   25   10
   13    7   24   20   71   10    3   21
   13    8   17   20   52   10   74   23
   12    9   51   20   20   18
   30  615  631    0    0   22   19    0    0    0    0  770    0 1602
   30  625  641  643    0   22   19    0    0    0    0  200    0 1602
   30  635  611  613    0   22   19    0    0    0    0 1300    0 1600
   30  735  711  713    0   22   19    0    0    0    0  770    0 1602
   30  815  831    0    0   22   19    0    0    0    0 1070    0 1600
   30  825  841    0    0   22   19    0    0    0    0  200    0 1600
   30  835  811    0    0   22   19    0    0    0    0  390    0 1602
   30  845  821  823    0   22   19    0    0    0    0  200    0 1600
   30  935  911  913    0   22   19    0    0    0    0 1070    0 1600
   31  611    6    3    6    4    0    0    0    0    0  770    0 4000
   31  613    6    3    6    4    0    0    0    0    0  770    0 1600
   31  615    6    3    6    1    0    0    0    0    0  770    0 1602
   31  621    6    1    6    3    0    0    0    0    0  200    0 4000
   31  623    6    1    6    3    0    0    0    0    0  200    0 1600
   31  625    6    1    6    3    5    0    0    0    0  200    0 2000
   31  631    6    3    6    4    0    0    0    0    0 1300    0 4500
   31  635    6    3    6    1    0    0    0    0    0 1300    0 1601
   31  641    6    1    6    2    0    0    0    0    0  200    0 6600
   31  643    6    1    6    2    0    0    0    0    0  200    0 1600
   31  711    7    1    9    2    0    0    0    0    0  390    0 4000
   31  713    7    1    9    2    0    0    0    0    0  390    0 1600
   31  723    7    3    7    1    0    0    0    0    0  200    0 1600
   31  725    7    3    7    1    0    0    0    0    0  200    0 1600
   31  731    7    1    9    3    0    0    0    0    0  770    0 4000
   31  735    7    1    9    3    0    0    0    0    0  770    0 1602
   31  811    8    1    9    2    5    0    0    0    0 1070    0 4500
   31  815    8    1    9    2    0    0    0    0    0 1070    0 1601
   31  821    8    3    8    1    0    0    0    0    0  200    0 2000
   31  823    8    3    8    1    0    0    0    0    0  200    0 1600
   31  825    8    3    8    1    5    0    0    0    0  200    0 2000
   31  831    8    1    9    3    0    0    0    0    0  390    0 4000
   31  835    8    1    9    3    0    0    0    0    0  390    0 1602
   31  841    8    3    8    1    0    0    0    0    0  200    0 2200
   31  845    8    3    8    1    0    0    0    0    0  200    0 1601
   31  911    9    1    9    2    0    0    0    0    0 1240    0 4000
   31  913    9    1    0    2    0    0    0    0    0 1240    0 1600
   31  923    9    2    9    1    0    0    0    0    0  200    0 1600
   31  925    9    2    9    1    0    0    0    0    0  200    0 3200
   31  931    9    1    9    2    0    0    0    0    0 1070    0 4000
   31  935    9    1    9    2    0    0    0    0    0 1070    0 1601
   32  611  870    0  711  950   70  723   50   61
   32  613  300    0  711  300   70
   32  615  240    0  711  250   70
   32  621 1460    0    0    0   50
   32  623  120    0    0    0   50
   32  625  420    0    0    0   50
   32  631 1290    0    0    0   70
   32  635  240    0    0    0   70
   32  641 1490    0    0    0   50
   32  643  150    0    0    0   50
   32  711 1470    0  811 1300   70  823  250   61  845   50   61
   32  713  280    0  811  200   70  823   50   61  845   50   61
   32  723   50    0    0    0   50
   32  725   70    0    0    0   50
   32  731 1680    0  625  350   61  631 1100   70  643  100   61
   32  735  340    0  625  100   61  631  200   70  643   50   61
   32  811 1760    0  911 1600   70  923  100   61
   32  815  170    0  911  100   70  923   50   61
   32  821  290    0    0    0   50
   32  823  290    0    0    0   50
   32  825  340    0    0    0   50
   32  831 1720    0  725  100   61  731 1500   70
   32  835  320    0  731  300   70
   32  841  420    0    0    0   50
   32  845  100    0    0    0   50
   32  911 1640    0    0    0   70
   32  913  980    0    0    0   70
   32  923  120    0    0    0   50
   32  925  800    0    0    0   50
   32  931 1660    0  825  300   61  831 1450   70  841  100   61
   32  935  220    0  831  150   70  841   50   61
   37  145 -375  405  115  635

