Ring 3 - 3f
    1   90   40   60    2    3    0    0    0    0    1    2    0    0   36   20
    2   10   11   12
   13   10   68   28   18   15   34   25
   12   11   52   20   30   19
   13   12   15   20   57   10   69   20
   30 1035 1011 1013    0   22   19    0    0    0    0 1240    0 1600
   30 1135 1111    0    0   22   19    0    0    0    0  230    0 1600
   30 1215 1231 1233    0   22   19    0    0    0    0  830    0 1602
   30 1225 1241 1243    0   22   19    0    0    0    0  200    0 1600
   30 1235 1211 1213    0   22   19    0    0    0    0  720    0 1600
   30 1245 1221    0    0   22   19    0    0    0    0  200    0 1600
   31 1011   10    1    7    2    1    0    0    0    0  230    0 4500
   31 1013   10    1    7    3    2    0    0    0    0  230    0 1600
   31 1021   10    3   12    1    2    0    0    0    0  200    0 4500
   31 1023   10    3   12    1    0    0    0    0    0  200    0 1600
   31 1025   10    2    8    3    2    0    0    0    0  200    0 2000
   31 1031   10    1    7    2    0    0    0    0    0 1240    0 4200
   31 1033   10    1    7    3    8    0    0    0    0 1240    0 1600
   31 1035   10    1    7    2    5    0    0    0    0 1240    0 2000
   31 1041   10    3    6    1    7    0    0    0    0  200    0 4500
   31 1045   10    2    8    3    5    0    0    0    0  200    0 4000
   31 1111   11    1    8    2    0    0    0    0    0  720    0 4000
   31 1121   11    2    7    1    0    0    0    0    0  200    0 2000
   31 1131   11    1    8    2    0    0    0    0    0  230    0 4000
   31 1135   11    1    8    2    0    0    0    0    0  230    0 1601
   31 1211   12    1   10    3    0    0    0    0    0  830    0 4200
   31 1213   12    1   10    3    0    0    0    0    0  830    0 1600
   31 1215   12    1   10    3    0    0    0    0    0  830    0 1602
   31 1221   12    3    8    1    0    0    0    0    0  200    0 2000
   31 1225   12    3    8    1    0    0    0    0    0  200    0 1601
   31 1231   12    1   10    2    0    0    0    0    0  720    0 4000
   31 1233   12    1   10    2    0    0    0    0    0  720    0 1600
   31 1235   12    1   10    2    0    0    0    0    0  720    0 1601
   31 1241   12    3    8    1    0    0    0    0    0  200    0 2000
   31 1243   12    2    6    1    0    0    0    0    0  200    0 1600
   31 1245   12    3    8    1    5    0    0    0    0  200    0 2000
   32 1011 1380    0 1111 1500   70 1121   10   61
   32 1013  680    0 1111  700   70
   32 1021 1370    0    0    0   50
   32 1023  160    0    0    0   50
   32 1025  260    0    0    0   50
   32 1031 1240    0    0    0   70
   32 1033  860    0    0    0   70
   32 1035  180    0    0    0   70
   32 1041 2020    0    0    0   50
   32 1045  670    0    0    0   50
   32 1111 2300    0 1211 1900   70 1221   50   61 1245  450   61
   32 1121  110    0    0    0   50
   32 1131 1450    0 1031 1200   70 1025  250   61
   32 1135   50    0 1031   50   70 1025   10   61
   32 1211 1980    0    0    0   70
   32 1213  140    0    0    0   70
   32 1215  320    0    0    0   70
   32 1221  190    0    0    0   50
   32 1225   60    0    0    0   50
   32 1231 1400    0 1131 1300   70 1121  100   61
   32 1233   60    0 1131   50   70
   32 1235  100    0 1131  100   70
   32 1241  160    0    0    0   50
   32 1243  510    0    0    0   50
   32 1245  470    0    0    0   50
   37  145 -375  405  115  635

